1000%の片思い
15
Anniversaries
Disco!!The Negicco
EARTH
Falling Stars
GET IT ON!
Go コースター!Go!Go!
Good Night ねぎスープ
I Am A Punk!
I LOVE YOUR LOVE
My Beautiful Life
Negiccoから君へ
Never Ending Story
Party on the PLANET
RELISH
She's Gone
SKY
SNSをぶっとばせ
Summer Breeze
Tell me why?
あなたとPop With You!
トキメクMERMAID
トリプル!WONDERLAND
ネギさま!Bravo☆
君といる街
完全攻略
愛、かましたいの
アイドルばかり聴かないで
愛のタワー・オブ・ラヴ
愛は光
新しい恋のうた
圧倒的なスタイル
アノソラヘ
イミシン☆かもだけど
江南宵唄
おやすみ
カナールの窓辺
カリプソ娘に花束を
ガッター!ガッター!ガッター!
硝子色の夏
キミはドリーム
くちびるにメロディ
グッデイ・ユア・ライフ(下りver.)
恋するねぎっ娘
恋のEXPRESS TRAIN
恋のシャナナナ
さよならMusic
サンシャイン日本海
雫の輪
ジョリ・バブリ・ラヴリィ
スウィート・ソウル・ネギィー
スマホに写らない
相思相愛
そして物語は行く
ときめきのヘッドライナー
トキメキ★マイドリーム
ともだちがいない!
土曜の夜は
ナターシア
虹
ニュートリノ・ラヴ
ねぇバーディア
ネガティヴ・ガールズ!
ねぎねぎRock～私をお家に連れてって～
ノスタルジア
はじまりの場所
パーティーについて。
光のシュプール
フェスティバルで会いましょう
プラスちっく☆スター
プラチナ
本日がスペシャル!
マジック・カーペット・ライド
マジックみたいなミュージック
矛盾、はじめました。
夢・Dreamer
ライフ・イズ・キャンディ・トラベル
楽園の余韻。
ルートセヴンの記憶
私へ
私をネギーに連れてって