BEAM my BEAM
Dear☆Stageへようこそ
Dear☆Stageへようこそ■
Dem Dem X'mas
FD2 ～レゾンデートル大冒険～
FD3，DEMPA ROCKET GO!!
Future Diver
Kiss+kissでおわらない
Mirror Magic?
NEO JAPONISM
ORANGE RIUM
Phantom of the truth
Sabotage
STAR☆ットしちゃうぜ春だしね
VANDALISM
W.W.D
W.W.D 2
W.W.D II
WWDBEST
Ψです I LIKE YOU
Ψ発見伝!
まもなく、でんぱ組.incが離陸致します
最Ψ最好調!
破!to the Future
愛があるから!!
愛が地球救うんさ!だってでんぱ組.incはファミリーでしょ
アイノカタチ
秋の葉の原っぱで
アキハバライフ♪
あした地球がこなごなになっても
アンサンブルは手のひらに
イツカ、ハルカカナタ
いのちのよろこび
イロドリセカイ
ウミドル☆イカドル☆稼いドル(A.N.K.G)
永久ゾンビーナ
エバーグリーン
おつかれサマー!
おやすみポラリスさよならパラレルワールド
かぼちゃタンデム
きっと、きっとね。
キボウノウタ
君も絶対に降参しないで進まなくちゃ!
キラキラチューン
ギラメタスでんぱスターズ
くちづけキボンヌ
形而上学的、魔法
結婚してもMAMAになっても君は永遠にぼくのIDOL
結婚してもMAMAになっても君は永遠にぼくのIDOL■
サクラあっぱれーしょん
桜が咲く頃に
少女アンドロイドA
絢爛マイユース
すきすきソング
世界が私の味方ならば…
先生!次はバトルの時間です。
太陽系観察中生命体
ダンス ダンス ダンス
ちゅるりちゅるりら
強い気持ち・強い愛
でんでんぱっしょん
電波圏外SAYONARA
でんぱれーどJAPAN
でんぱーりーナイト
ナゾカラ
生でんぱ
なんてったってシャングリラ
子 丑 寅 卯 辰 巳
子♡丑♡寅♡卯♡辰♡巳♡
ノットボッチ…夏
バリ3共和国
バリ3共和国(サンリパブリック)
ピコッピクッピカッて恋してよ
ファンシーほっぺ■ウ・フ・フ
ファンシーほっぺ ウ・フ・フ
ファンファーレは僕らのために
冬へと走りだすお!
ブランニューワールド
プレシャスサマー!
星降る引きこもりの夜
ボン・デ・フェスタ
待ちぼうけ銀河ステーション
まもなく、でんぱ組.incが離陸致します■
ムーンライト伝説
もしもし、インターネット
ユメ射す明日へ
檸檬色
惑星★聖歌 ～Planet Anthem～
私のことを愛してくれた沢山の人達へ
わっほい?お祭り.inc